kinematics:
  shoulder:
    x: 0
    y: 0
    z: 0.18078680877403344
    roll: -0
    pitch: 0
    yaw: -6.1774362931921178e-07
  upper_arm:
    x: 1.735372370714008e-06
    y: 0
    z: 0
    roll: 1.5703234971802607
    pitch: 0
    yaw: 1.4075405714526618e-06
  forearm:
    x: -0.61229052809045037
    y: 0
    z: 0
    roll: 0.0013507417629160274
    pitch: -5.8906537034740308e-05
    yaw: -2.8868524154957736e-06
  wrist_1:
    x: -0.57153977283777702
    y: 0.0015239613753771193
    z: 0.17407430622711553
    roll: 3.1328382171884952
    pitch: -3.1414907385257407
    yaw: -3.1415900169403157
  wrist_2:
    x: 5.1351951165540919e-05
    y: -0.11991547935488529
    z: 0.00013230937108692892
    roll: 1.5696929720144468
    pitch: 0
    yaw: -2.3614003910946146e-06
  wrist_3:
    x: -9.7251508562796782e-05
    y: 0.11557575850360736
    z: 1.8908370828599994e-05
    roll: 1.5709599283226279
    pitch: 3.1415926535897931
    yaw: 3.1415925678317858
  hash: calib_11535885028701340564